pro1_strength=2.9963
pro2_strength=3.55804
pro3_strength=6.48589
pro4_strength=0.192847
pro5_strength=2.82969
pro6_strength=2.87218
rbs1_strength=6.36112
rbs2_strength=7.30106
rbs3_strength=11.197
rbs4_strength=0.01
rbs5_strength=3.58838
rbs6_strength=11.2102
v1_Kd=0.100209
v1_h=9.24381
v2_Kd=1.2687
v2_h=3.05743
v3_Kd=0.981649
v3_h=10.6521
v4_Kd=11.6252
v4_h=6.5367
v5_Kd=10.7801
v5_h=1.46291
v6_Kd=0.01
v6_h=8.58302
v7_Kd=0.0100073
v7_h=1.3518
v8_Kd=0.66476
v8_h=7.38939
